20.56802
22.97222
22.86232
22.91872
21.86082
23.59152
23.21852
22.37722
23.39732
23.59152
22.56142
22.99932
23.13332
23.27382
22.29212
23.46442
20.82672
23.73642
21.97772
23.73642
23.60892
22.37652
23.26062
22.75712
22.69132
22.95152
21.69732
22.79842
21.72352
21.05012
23.25632
20.96132
19.30832
23.60212
19.65912
22.74102
19.49202
23.94212
21.99842
23.91532
23.34902
22.68342
23.01612
23.66322
22.50732
22.76102
22.61392
22.88402
22.46802
23.26072
23.60302
20.24282
23.37132
22.80002
23.45012
23.61312
23.26482
19.58852
22.88722
22.91292
22.09322
22.06142
21.79732
23.16172
22.43512
22.93662
22.93242
19.69812
22.46822
23.53132
22.89592
22.65262
21.92402
23.44322
23.44992
22.81162
22.89832
21.29802
23.60012
22.07962
23.04212
22.22132
20.74032
23.09532
21.06072
23.90012
23.31312
23.18952
23.36702
22.93992
22.13212
23.31312
23.75892
18.10372
22.38172
22.55632
23.00222
23.70622
22.26462
21.61572
22.69242
22.69242
22.99832
20.03332
20.65962
23.18952
21.23852
23.04282
23.09492
21.91722
23.77892
22.08762
22.69242
23.03482
23.03152
23.51912
22.99832
21.43542
22.52222
22.31212
23.66422
22.97652
23.40262
21.95202
23.48542
21.69332
22.94372
22.31212
23.28752
23.23032
23.08772
17.69332
23.02832
22.66902
22.90292
22.74432
22.43512
22.65482
22.92782
22.52222
23.12092
21.21252
18.49462
22.56572
23.08562
23.04182
22.95572
21.21252
23.12692
19.76062
16.95452
23.45152
22.16482
23.71122
22.96782
24.05712
22.49312
22.51312
23.68622
23.34242
23.68142
22.98522
23.02772
22.48762
22.76602
22.35752
22.17662
23.09402
22.84482
23.35092
21.46772
23.23142
23.44442
23.79672
22.80132
23.34142
19.87332
18.99852
22.20652
21.91482
22.25642
22.63952
23.93252
23.49642
22.18962
23.17132
22.72542
22.42312
23.48582
20.41022
22.99822
21.93292
22.20322
21.37552
22.81152
23.35642
21.17352
22.92252
22.73592
22.75592
20.79042
22.81652
22.29442
19.72952
23.35502
22.98422
22.88982
22.35302
19.66762
22.33462
22.61662
23.56472
19.69122
22.84702
22.52102
22.88262
22.83842
23.20632
23.73392
23.76422
19.99532
22.83132
22.70032
22.27552
22.42862
23.77972
22.58212
23.11582
23.32632
20.92472
23.27602
22.58212
22.89342
19.72952
22.05072
23.03012
22.46852
22.90812
22.27922
22.35042
23.29362
23.17192
22.99622
19.72952
23.43222
22.53972
23.68432
19.63212
19.54312
19.62842
22.08072
23.05472
22.56012
22.18642
23.41712
21.79712
23.03902
23.33332
23.08402
22.69322
22.22732
22.51252
19.64372
19.69042
22.74372
23.22342
23.45172
22.55772
22.88252
23.69232
22.50072
21.90282
22.31482
23.51842
22.85702
16.90812
22.16572
22.74022
22.87282
22.25992
23.23202
22.83402
22.49012
22.94002
23.23282
23.07082
22.14552
20.97652
22.08072
22.46502
22.43572
22.68772
23.37182
23.66722
23.32642
23.67482
22.00922
23.36932
22.94332
23.42242
23.27142
23.32322
22.64832
23.02262
22.14552
23.56822
23.25762
23.62942
22.07532
22.83822
23.25112
23.54482
22.56052
23.58892
20.41632
22.40552
23.34082
23.14782
22.19592
22.67552
23.58472
22.91062
23.94952
23.69232
23.12152
23.31422
22.49082
23.14922
21.76652
19.01412
23.60462
22.27612
22.25152
23.22232
23.28852
23.58192
21.76652
21.22342
22.07742
22.33412
22.19002
22.83862
23.37712
22.53812
23.34682
22.87982
23.74992
18.77502
23.00722
22.92682
23.71172
20.22492
23.07382
23.24402
23.64002
23.69802
22.52912
23.41332
22.98282
23.04302
23.35082
22.32282
23.50692
23.43892
22.51992
22.60112
22.51102
23.42282
23.25542
22.91792
22.36852
21.02002
22.36732
22.91792
23.89232
23.24842
23.22672
22.37422
22.85802
23.09012
22.84792
23.17562
22.42022
23.69412
21.79182
22.55982
22.62672
23.28172
23.09092
22.81552
22.92342
22.44682
23.76992
22.89802
23.36422
23.66832
22.84962
22.70582
23.09492
23.68542
22.34642
22.78652
22.79182
22.62602
23.36442
22.26172
23.56642
22.36852
22.20912
23.52242
23.23652
23.80632
17.80482
21.86862
22.75462
22.19632
23.43022
21.29232
23.94532
23.32692
20.29462
23.16852
23.19292
23.24072
19.91762
21.17192
22.57132
23.34662
22.94812
22.04762
23.03892
22.23132
23.32662
23.59742
19.26612
22.29742
23.11252
22.78052
23.68772
22.06092
21.17482
23.43822
23.61812
22.46542
22.75292
21.74352
22.69012
20.79982
21.01072
21.49682
22.37932
22.34132
22.32762
22.13142
22.51482
22.44862
22.07902
22.39662
19.63092
22.99222
23.35352
20.05792
23.95412
23.45072
22.54162
22.65522
22.70262
22.76392
22.95232
22.77502
22.80472
23.67282
23.37222
22.99882
23.21522
22.74102
23.60852
23.50372
23.21982
22.32672
23.13312
23.59332
20.95032
23.13602
22.48572
22.60882
23.14132
21.38182
23.03712
23.79472
23.30112
23.56882
22.65522
23.23812
22.96212
22.43212
22.59172
22.41092
22.50502
23.10492
22.09592
22.97122
23.18152
23.70312
22.56822
23.10692
22.63172
22.93282
23.18042
23.56282
21.67352
22.39312
19.56072
22.03192
22.99672
19.57422
23.17662
21.65742
19.72072
23.11902
22.37622
22.46182
23.29642
22.75572
22.83472
20.65692
22.66012
22.88072
23.01942
22.57602
22.52242
22.93562
22.37452
22.64042
23.62772
23.86942
22.35652
23.14862
22.91942
22.37402
22.02922
23.25822
21.89852
23.42152
23.02642
22.13992
22.02072
21.32552
23.58032
22.59832
22.81092
21.93722
23.28052
23.86942
22.33972
23.05912
22.93652
22.63352
23.58122
19.55732
23.28052
22.97232
19.57422
21.23102
23.45892
23.68822
22.60782
22.97732
23.68822
23.32342
23.52572
23.77012
19.33142
22.28312
23.52782
22.93082
23.61922
23.61172
22.71222
23.01732
23.38332
19.63322
21.86722
23.75562
22.20452
23.27792
23.38162
22.62522
23.12062
23.31302
19.14862
21.93722
23.33542
22.19522
23.38042
23.76462
19.49942
21.14632
20.21812
20.10902
23.78992
23.44162
23.19512
24.21142
21.63032
20.53152
22.62322
23.04212
18.47732
22.12232
22.22872
22.96762
23.23062
19.63442
18.53522
23.00822
23.21662
23.20982
23.40222
22.72002
22.77882
23.10542
23.72812
22.36652
19.29172
23.04282
23.06352
23.04212
23.61832
19.79772
23.13872
22.58502
22.56562
23.36362
22.39832
22.97102
20.49002
23.15712
21.58282
22.01232
23.23972
22.73332
23.38012
23.68802
22.44872
22.45912
19.68932
23.19362
23.07832
23.72812
23.38022
22.26972
23.47372
22.71612
22.26972
20.35412
22.91812
21.56472
22.99772
23.61582
22.17062
21.96222
21.90102
22.02812
23.34342
22.29762
22.57942
23.64642
23.07602
23.43142
23.40752
22.88602
23.35992
19.66532
19.70302
22.86142
22.84692
22.23852
21.95752
22.94572
22.26972
23.67172
22.47802
22.81452
22.97292
22.91532
23.51592
22.02792
20.56152
22.49552
22.61072
22.37492
23.73312
23.55182
21.90412
19.65322
22.83762
22.24422
22.98362
22.04172
22.98362
21.95732
23.08952
21.93612
22.20712
22.96492
23.17272
23.71522
22.40832
22.40832
19.66622
21.95482
22.83182
21.23352
23.64782
22.96702
23.55182
20.30702
18.31372
17.66912
22.59762
22.59572
22.88602
23.28822
23.28822
19.53082
23.09612
22.59812
22.77312
22.96072
22.27502
23.28822
23.48392
19.44712
21.42752
23.84392
22.47122
18.08192
23.23242
22.69822
23.53552
23.69192
23.23892
19.94882
21.64382
22.73712
22.74582
23.66912
21.01532
21.71832
22.73202
23.05372
21.41732
21.25532
22.24262
23.67402
18.78692
18.10352
23.38882
21.48782
22.29572
23.09932
22.44462
23.47642
22.34932
21.29432
21.98852
23.67852
22.41042
23.02462
23.39932
22.57152
20.13742
23.37802
22.55042
17.98232
19.61702
22.89422
20.32772
22.09222
23.71132
20.12042
22.33562
22.43802
22.61552
23.11012
23.00742
23.24092
22.81302
23.71982
22.63742
20.78872
22.58762
22.69262
23.01132
18.30642
21.79752
19.66722
22.37122
22.99712
22.37122
23.67822
21.07012
19.68852
23.07232
23.08042
19.48182
18.42762
22.96232
23.13512
19.64682
23.24272
19.67382
17.18792
19.65182
20.16822
17.11962
18.13122
19.40882
20.64962
19.54742
19.92162
22.49912
19.59942
18.47432
19.60342
20.14042
20.24972
18.92182
20.01112
20.60992
19.87352
19.42322
18.65482
19.70952
20.64372
22.55142
21.60262
21.16342
22.19862
19.58722
21.27722
21.96822
19.70882
21.62452
19.51232
23.25552
18.26292
22.21062
21.35732
21.38782
19.67372
21.65442
17.19362
19.61782
22.69892
22.64962
20.82742
22.01092
21.72902
20.54582
22.06532
22.44182
22.11302
22.93552
22.60702
20.51382
22.54932
21.83782
22.56102
22.65582
22.90152
19.63742
21.37572
19.20962
22.33882
19.62822
22.92372
22.67822
17.55732
22.38702
22.28822
22.38052
20.95032
21.17292
22.07762
22.48622
23.60562
18.76102
19.92352
21.88482
20.07262
19.94702
22.67982
22.25102
22.89722
23.54212
18.62432
22.27212
22.50972
22.84452
19.58822
22.61402
23.38052
22.03762
21.58702
23.10792
23.64382
23.37882
19.61342
22.42482
21.32972
22.90922
23.07512
19.60142
21.93162
22.68332
23.05452
22.76352
23.46812
19.77792
22.22612
22.72712
22.43772
23.05492
21.76982
21.58702
23.46812
17.65882
19.92552
22.96072
21.58702
23.04892
22.34522
22.15272
22.34442
23.67502
20.49652
22.33732
23.38992
22.90742
23.14442
24.04662
23.00632
17.88332
19.65972
19.65512
17.01262
19.32792
20.74392
18.53402
22.31572
19.59142
23.50062
22.23672
23.12892
23.22732
23.00612
22.55192
23.15892
21.28212
23.28292
22.90452
23.47852
21.07072
22.54002
23.11172
23.25472
22.90452
23.19282
23.37282
23.42012
23.26672
22.78362
23.24982
21.76192
21.56372
22.46182
22.27132
22.82862
21.85752
22.79662
22.56892
22.56892
20.79032
20.16102
21.34832
22.36992
23.55122
23.36122
22.71752
23.09632
23.56032
23.02902
23.56402
24.29062
23.17472
23.07552
23.06862
23.13582
22.77562
21.90392
18.76652
23.25792
23.47482
22.37902
19.67092
22.03272
19.63842
23.58532
22.53232
23.49332
21.86782
18.68942
22.25252
21.64202
21.85712
23.18962
19.35622
23.47852
23.26282
19.67482
23.11972
22.84862
19.02152
23.15032
21.52162
22.03772
23.16602
22.36622
21.59442
23.48542
23.30572
19.42672
23.11792
22.29132
22.79802
22.60992
23.48242
22.72972
22.65932
23.10562
21.53172
22.78342
22.80732
22.85182
22.82892
23.44132
22.95652
23.07042
22.95952
18.73202
21.38252
22.24002
23.86292
23.47932
22.17962
22.38982
23.50612
22.13962
22.07362
21.88782
20.11572
22.41132
22.96602
23.06782
23.30502
23.50612
23.31762
22.18032
22.35152
22.79262
22.49292
22.71952
22.91162
22.18472
23.13182
22.25002
22.09012
23.54962
22.90762
22.64842
19.89032
22.36482
22.90062
22.78852
22.04062
23.08382
23.17432
22.13002
21.91382
22.29742
23.40742
22.28692
23.19942
23.46642
23.05542
23.42552
23.43292
22.99902
22.38282
23.64692
23.58292
22.80542
23.51732
23.40952
23.21292
23.78722
22.55132
22.11432
23.20502
21.66822
20.14102
21.77132
22.94952
21.98642
21.96222
21.57242
23.53092
23.06702
22.64302
23.08602
22.97092
22.68382
23.20502
23.73302
23.23762
23.47512
22.44452
23.56072
22.48722
23.21002
23.09632
23.73302
23.47962
23.06732
22.64732
23.75222
21.58592
23.22382
22.10772
22.95552
23.04832
19.66412
23.07572
22.54842
23.09622
23.11072
22.58272
19.48022
21.95832
20.59762
19.71842
21.52752
21.52752
21.52752
23.33062
19.66032
21.33432
23.38152
23.36892
21.20062
21.29062
19.90742
22.94392
22.55152
20.23542
23.47392
23.70422
22.36502
23.37472
22.10732
22.32292
22.31292
21.64262
19.55262
22.74182
21.93192
22.51952
22.31722
22.30182
21.46482
21.93732
21.85792
21.43452
21.10732
22.28952
19.59942
22.10732
22.34722
22.51072
22.51072
22.88662
22.78942
23.20702
23.24142
22.36912
21.62142
22.53192
23.50332
21.34072
21.14112
22.52562
23.32992
22.64662
22.23652
21.74642
21.03742
23.39332
22.73582
23.03592
23.61412
22.65202
22.39162
22.91892
22.57592
20.45832
22.85012
19.18732
20.92212
20.48052
19.88042
19.48282
19.85262
19.68812
19.42892
19.62212
23.09162
22.96082
22.23292
23.25212
23.40722
21.75492
19.82922
20.82792
22.91822
22.33392
23.37412
22.86462
22.72562
22.64942
22.38532
19.93082
22.19802
19.57922
22.64762
22.44122
22.44122
23.57172
22.80642
20.95082
21.93482
19.61302
19.66472
23.73772
23.08662
22.59792
22.64012
22.92542
23.39142
23.37392
22.60742
22.88282
23.36602
23.12552
19.57562
23.35552
22.19762
22.56822
23.11042
22.65242
22.87702
20.03202
22.63752
22.76462
22.35822
22.54312
23.11042
23.06132
23.46942
22.60562
23.13302
21.96552
23.24892
22.89312
22.12402
22.19182
20.50632
19.86682
19.84042
21.60672
21.51972
18.60582
19.42702
22.84252
22.74232
23.31832
23.33152
22.44752
19.00992
22.09712
23.59072
22.44122
19.42002
23.03882
23.29262
22.32532
22.17842
22.17442
22.10722
22.70842
22.11572
21.80782
19.76122
22.55792
21.25772
21.81442
21.73662
21.72552
19.70032
23.54402
22.89142
22.50682
22.51242
22.71412
23.24792
19.48022
22.13422
23.40482
19.50572
21.27652
21.76842
22.87322
18.40012
23.62502
23.22162
21.88682
21.06742
18.39592
20.77912
22.46842
19.64962
22.02072
23.17332
22.11082
20.56912
23.43272
19.63602
22.75892
23.36672
23.18352
20.96462
22.12912
22.96802
20.24292
22.73152
22.11452
23.21792
19.57392
22.69792
22.27442
22.92422
19.42202
22.66132
21.99982
22.66132
22.73672
21.95892
23.36972
22.47262
22.62342
23.15352
20.73722
21.86422
19.61602
22.71682
22.81832
22.81832
22.27282
23.61042
23.80152
22.48392
21.91152
19.61752
23.04942
22.88542
22.49162
22.59032
22.16242
23.14112
22.78182
22.78182
22.54442
22.54442
21.48612
23.14892
22.55652
21.13392
21.49822
23.58802
22.85292
23.88052
21.97902
23.18592
22.62822
23.13462
23.38482
22.37252
22.22722
22.22722
17.26362
22.11142
22.73472
22.11222
22.25332
19.70202
22.06372
21.38382
23.44492
22.39282
23.47492
23.44252
19.68702
22.65302
21.39522
23.50652
22.89542
22.27492
22.88432
23.10712
22.85382
22.49922
23.15772
23.19042
21.58972
21.58972
22.66802
22.89412
22.74842
23.06352
21.13662
20.92442
19.61072
20.65672
22.75722
23.30982
19.56522
21.52932
19.19272
20.33522
19.62072
20.49952
18.08632
21.58402
21.78412
21.54342
23.80622
23.55002
23.30932
22.84622
22.21562
22.99522
22.83272
23.48322
23.34382
21.60482
23.08372
23.14412
22.59692
20.66862
23.12932
22.85982
23.22872
22.06352
23.13602
22.16862
22.73582
22.96382
23.08742
21.62492
22.68112
22.50182
23.75702
16.72132
21.23722
21.93922
22.20912
23.28962
23.07552
23.10012
22.61982
23.28352
22.32412
22.44472
20.66862
19.63722
22.35872
22.84942
23.45622
22.43222
23.81392
22.42792
23.42132
20.82482
20.60232
23.42132
22.50462
23.45182
23.78952
23.36862
22.41962
23.13602
22.45042
23.35632
22.77872
22.01292
22.53702
22.64002
21.99042
22.82112
22.48602
22.63302
22.31362
23.05812
23.25912
18.50662
21.15972
19.37092
19.47482
19.39072
22.51692
22.61772
21.90882
22.55342
22.32892
23.62032
23.60192
22.30852
23.64032
22.25272
23.27522
22.02752
21.46662
21.66732
23.22302
23.54142
23.14732
23.17332
18.06122
18.33092
19.38802
18.26982
19.32232
16.91232
19.07082
18.41622
17.43722
17.62072
17.13902
23.07722
23.28042
23.67742
22.01292
23.23562
22.46012
22.87242
22.06562
22.06562
22.07472
22.44992
22.13752
23.04972
23.19732
22.62232
22.17682
23.48122
22.24632
19.26262
22.14932
22.06192
21.99102
22.68692
19.67442
22.96882
22.50672
21.67772
22.65952
22.79962
22.26172
22.88732
22.33782
23.72452
20.22682
22.66182
22.16232
21.84072
23.09132
22.80982
22.90772
23.46002
22.75872
22.62232
22.41502
23.82732
23.05872
19.63662
22.08732
23.01072
22.37622
22.52192
19.52782
22.40882
22.28092
22.87342
22.31562
23.72372
22.86102
21.69622
22.28122
22.86292
22.81002
22.31252
23.29582
23.10542
20.15412
21.70862
23.29582
22.80882
21.54262
21.14672
23.15022
22.16612
22.51712
22.95492
23.24662
22.28512
22.88112
22.19332
21.69022
21.94292
22.74532
22.42762
22.99832
22.59792
22.88742
23.24372
22.57642
22.68942
22.47732
23.58042
22.21972
23.59142
22.82882
22.35532
21.88582
22.58962
20.20402
22.68402
22.19332
18.98322
21.98472
21.98472
22.09332
22.93502
22.32422
22.96122
23.46502
22.26582
22.26582
22.26582
22.26582
23.24662
23.19952
21.81902
19.72082
22.05872
23.12022
16.80392
22.16022
22.96592
22.41512
23.17402
23.28732
22.97112
22.04182
22.32372
23.11822
22.63212
23.58122
22.48752
22.43642
22.53462
22.42272
22.87822
23.35082
23.15722
22.51122
18.61242
21.90432
23.18682
22.90972
21.87752
22.76132
22.73142
22.73142
22.90122
21.84272
22.60992
23.36382
22.99022
22.88742
22.76602
22.10112
22.73052
23.04082
23.09952
23.14952
22.13442
23.56392
22.22832
22.63022
22.29762
22.35782
19.70742
19.67892
19.58892
19.75622
22.37932
23.06832
22.53512
22.19742
20.77362
22.45372
23.54402
21.82542
22.79332
22.66422
23.47002
22.66422
22.66422
22.66422
23.01372
22.84942
19.87682
22.46062
23.48412
22.84962
23.05772
22.46162
22.69072
23.40892
17.83592
23.43472
19.65412
23.33752
23.43052
22.33252
22.66852
19.67092
21.56712
22.49542
22.18172
21.69122
23.49752
22.54622
19.90132
22.87732
22.54932
23.01012
23.00452
22.54342
22.77062
22.05152
23.12022
20.21602
22.23452
22.18972
22.53372
20.69692
23.13632
21.71282
21.13882
22.66092
23.04112
18.36242
22.30872
23.36342
23.16792
23.44642
20.19932
23.47002
22.42042
22.49702
22.74982
23.35182
21.93422
22.44242
22.37862
22.63192
23.09732
22.34752
22.37382
23.15822
21.39222
21.91092
21.61272
22.26762
22.44802
22.44802
23.79292
22.57182
21.92322
22.43202
21.27132
21.91402
21.27132
22.96992
21.99032
22.82562
23.46152
22.56772
22.63232
19.69442
22.19012
20.71582
20.19462
19.77352
22.44722
22.17792
21.28062
18.54812
20.20332
23.43432
22.45672
23.46672
22.49162
21.69502
21.68312
23.36022
23.33152
22.94412
22.91552
21.66542
22.09832
23.20982
20.77112
19.76082
22.44722
19.63432
19.49092
21.89712
22.59722
21.22412
20.50712
22.26222
19.72862
21.00842
22.22802
22.22802
21.58752
21.58752
21.06702
21.06702
21.06702
22.61062
22.48622
22.14142
22.76222
23.13302
22.16302
22.24952
22.24952
23.08242
23.22682
22.57592
22.77502
22.58332
20.32072
22.81832
22.95572
22.52342
23.59712
21.93842
22.10022
21.54642
19.67592
20.65492
23.22682
22.34252
23.31842
21.61472
23.09042
22.48132
20.26542
22.93542
23.04392
19.40702
19.40592
23.29252
22.70242
23.01872
22.37462
19.63892
19.63892
21.75882
23.34142
22.94742
22.87022
22.32692
22.01942
23.17252
22.01942
21.66042
18.38302
22.68632
22.68632
22.68632
22.68632
22.59312
20.83652
23.37432
22.93542
22.88172
23.67852
22.35782
22.49432
22.88322
22.24092
19.97412
21.49702
23.52322
22.83152
22.45592
22.97232
22.40922
22.47772
22.80292
23.44902
22.88172
22.66902
22.69812
23.50212
22.18242
22.55792
22.19012
22.61062
21.22262
21.22262
22.00262
23.40922
19.45182
19.26002
21.49702
22.59312
23.09412
21.62442
22.83512
22.94762
22.20202
22.14512
21.78012
20.33632
22.59202
22.75152
22.91262
23.34142
22.49952
21.15382
21.15382
21.15382
21.15382
20.24212
19.70012
19.27012
18.46202
22.37182
19.87212
20.46992
22.44462
23.03312
22.08872
21.95412
22.12162
22.26442
22.24782
19.56042
18.60962
23.08852
20.42682
22.37082
22.33612
22.71892
22.42342
22.57062
22.50972
22.60722
21.64092
21.48902
21.05312
22.37392
22.24292
22.87182
22.80472
23.37072
23.25932
22.23562
22.23562
22.21292
19.91752
22.29692
23.27172
22.84492
22.91202
21.21792
22.22642
23.20422
23.34302
22.06652
22.51742
23.18572
22.32492
21.23032
22.56192
22.05312
22.66912
21.94972
22.40312
22.67742
20.03702
21.21672
19.02942
22.41402
21.94252
21.69582
22.89522
22.22562
19.65572
22.30032
21.17942
22.95042
23.11332
23.25712
22.21292
23.18202
21.61032
21.61032
23.51272
21.59382
21.59382
23.06202
22.51842
20.38672
23.19282
18.76862
21.98452
19.47672
17.48452
18.57752
18.93862
21.86662
22.76212
22.19942
22.14762
19.63932
22.19942
22.44692
22.73672
22.60472
22.60472
19.41712
21.58822
17.34392
22.46552
22.40442
21.68942
23.06322
21.91982
22.55142
22.67052
23.45542
23.50822
22.76832
22.41662
22.33982
23.08212
22.76212
22.76212
22.64182
23.28042
23.38382
20.16272
23.19862
23.36322
23.18002
23.04542
23.79712
22.91142
23.40112
22.42522
21.95292
21.89832
21.34362
21.49842
22.35052
22.35052
22.30392
19.66612
20.73612
19.43672
23.96232
22.18572
22.22642
23.47992
19.58652
22.03762
21.20222
20.49512
21.61342
22.00132
21.05652
18.48732
22.29082
21.86632
22.74072
22.97042
22.19962
23.65082
19.64032
23.33682
22.32272
21.96572
22.47892
20.74102
20.51822
22.73342
23.77402
21.78712
23.18952
23.97332
19.64032
23.43252
21.94122
22.84412
17.48662
23.25522
20.85312
23.33582
20.43302
22.53492
21.51332
21.93652
18.70902
19.80972
20.87202
23.26572
21.73222
23.20272
22.67622
22.35212
22.19422
23.55282
22.91332
23.30892
23.11122
23.38472
19.59242
22.88622
23.25942
23.10652
22.19782
20.88612
17.24542
22.79622
23.43522
23.17642
17.45892
22.69842
23.21462
22.38562
22.88342
23.11582
23.57032
23.46002
22.97912
20.17972
22.85472
22.45752
21.17472
23.19122
21.72842
23.16302
22.92282
21.94812
23.17182
22.23702
21.85082
23.30572
21.77232
22.60272
22.73252
22.59882
23.61242
22.88432
22.81462
22.94882
23.27782
23.42532
22.92512
22.74802
22.74802
22.29082
22.47712
23.35382
23.33502
23.26792
22.84502
19.41712
22.86582
21.79972
22.65962
21.26222
22.90412
23.28372
22.52612
22.34422
22.88512
23.37682
23.71592
22.62332
22.69992
22.56632
22.98852
22.31912
22.55072
22.61252
22.94352
22.44772
23.44862
22.47012
23.64982
22.97222
23.94932
21.19482
22.51542
22.42472
22.75662
21.97132
22.23802
21.18102
20.83672
22.73062
22.80092
22.58492
22.04102
19.58222
18.51962
22.21132
21.50862
22.08262
21.13922
20.78582
21.13922
20.62302
20.62302
23.08662
23.39772
23.02112
23.50102
22.66502
23.37772
22.97222
22.70932
21.90382
23.09802
23.26192
23.13152
22.77032
23.18952
19.47402
22.90772
22.94892
22.64592
23.46982
23.00042
23.88522
18.47432
23.29972
22.72722
22.70552
22.69342
21.99682
22.55542
22.60922
22.23392
22.83592
22.68842
22.82742
22.73772
22.82742
22.47262
23.10202
23.41532
21.74692
23.26702
21.56272
21.27322
21.27322
22.41822
23.10582
23.12352
22.00682
22.00682
22.00682
23.51842
22.52932
22.55672
22.90052
23.02112
21.25392
21.80842
23.29972
22.42472
23.08762
22.11732
22.65682
21.58062
21.02912
21.77342
21.70802
21.49572
21.59372
18.83362
21.13282
21.09352
23.29532
19.68072
22.38422
19.70492
22.03142
19.68552
19.67272
19.62122
19.39142
22.47112
22.66782
22.45752
21.38922
23.41002
23.60172
21.27322
23.31672
21.50862
22.53422
22.71462
22.41432
23.46002
21.58792
23.12392
23.36042
20.53622
22.34502
21.12362
21.66512
21.03342
19.23162
19.65392
21.20722
23.53222
23.01752
22.68302
23.49012
22.66782
21.74042
23.57802
19.70492
22.94292
23.32082
22.86022
17.15962
21.73122
23.57802
22.62712
22.75302
21.41662
22.21152
23.35642
23.14962
23.53822
22.75522
21.83132
22.38422
22.38422
22.12232
20.83672
22.80382
22.95842
22.90812
22.40822
23.58242
22.36832
23.07662
23.07662
23.53822
23.97672
23.20032
19.55792
23.07662
23.49772
21.99392
22.68282
21.98392
21.75762
23.06362
24.26492
23.58242
23.36352
23.07662
19.56042
23.07682
23.38142
22.61592
19.70012
23.40552
22.41622
23.52022
22.72002
22.50502
23.09852
23.11072
22.57372
23.93362
22.79062
22.22132
23.93402
23.12602
22.97902
19.52312
22.00122
22.75602
23.12312
21.82892
22.61312
22.59782
23.29692
23.29772
23.20992
21.79502
22.98552
23.35442
21.03342
20.79592
21.62472
22.71722
22.26462
22.17102
22.33702
21.61962
21.48432
22.57732
22.94382
22.94382
23.81822
23.20892
22.36812
22.63452
19.13562
22.17102
22.82922
21.74492
21.74492
21.81842
21.81842
19.42282
19.63642
19.63642
22.51672
22.51672
22.35592
22.76532
22.52152
20.97802
22.28452
19.81332
21.66922
22.53862
23.35442
22.06762
23.72942
23.30762
17.08482
22.93952
22.87732
20.74492
23.32122
19.56602
22.66272
23.19842
22.06762
19.72752
21.58072
21.82312
23.15562
22.31682
23.05542
23.56422
23.13742
23.54962
23.06782
23.63932
23.28882
21.94692
21.96902
22.80912
19.34362
19.37842
21.65152
21.67892
20.95592
19.42332
19.54512
21.20902
20.39482
23.60672
22.91692
22.23802
23.03812
23.32992
21.55272
21.42192
22.93002
23.06782
23.10102
22.91252
22.63142
23.46492
23.19782
23.15712
23.60562
21.58412
23.33922
23.09792
20.81812
23.50332
23.47452
23.45242
22.55952
21.41112
22.57212
22.50072
21.61292
23.18262
22.52362
22.11772
21.90622
23.15712
23.98992
23.37192
22.46992
19.56542
21.92852
22.50362
22.67282
20.99012
23.86052
21.07442
22.44442
23.35462
23.39752
22.78092
22.67402
22.08802
22.97362
22.10762
21.95542
19.49402
22.49512
22.30472
21.26392
21.31312
23.12092
21.09212
22.00262
23.55662
23.49952
21.78292
22.82002
22.94042
22.48672
22.80492
20.80752
23.04622
22.46642
23.07742
22.66102
22.61542
23.05742
20.10212
24.15732
23.20772
21.88792
22.86262
22.85172
23.07692
22.80032
22.39552
22.74382
22.74382
20.87922
23.39582
23.04622
23.18852
22.41802
23.49262
23.06922
22.56762
22.35882
23.32052
19.68242
22.20302
22.29692
23.55452
21.84472
22.56322
21.91852
22.36962
22.41262
22.00272
22.47682
22.19482
21.52222
22.89862
23.12672
20.98332
22.74172
22.92002
21.22462
19.18742
21.98522
22.02602
23.04622
22.93772
22.57172
22.05232
22.41972
22.46242
21.91872
23.12982
23.03442
22.29102
21.76422
23.38092
22.93292
22.80302
23.14382
22.56762
23.06302
22.78802
22.76632
22.54052
22.48092
22.77902
22.27552
23.71562
23.19842
22.47102
21.49632
19.52272
22.01072
22.55472
23.11512
23.26392
23.38502
22.62602
22.91292
23.11002
22.60642
23.08162
22.69722
23.63972
23.52312
21.53092
22.50082
23.06492
23.36802
22.63702
22.68332
22.49192
22.05472
23.17182
23.82092
19.64522
20.09322
22.35082
23.31722
23.25232
22.92382
23.39412
19.83712
23.38502
23.51262
24.25772
23.63702
23.09972
22.86692
23.54222
22.86692
22.98242
22.98242
23.02142
21.84372
22.57062
23.11902
22.89632
22.84462
21.57012
24.04662
22.22312
19.60732
20.68532
18.66922
20.62852
22.20602
22.05452
22.81552
23.73982
22.61302
22.05132
21.67402
23.87572
22.80652
22.32142
19.53752
21.74602
23.30092
22.32022
21.40482
23.30282
23.25152
23.79462
22.11412
22.77912
22.57582
22.21132
23.31212
22.89232
19.30142
20.38402
22.94922
21.76442
22.79122
22.75152
21.83102
23.18202
23.19752
22.55182
23.04042
23.63892
22.69172
22.61912
22.61912
23.32722
22.35302
22.43932
21.97562
21.97562
22.81772
22.73592
23.35012
21.33462
21.39672
23.48952
22.50082
21.29402
22.50942
22.73132
21.73712
22.52082
22.17412
22.60542
21.97532
22.24362
22.50322
22.47562
23.39022
23.30092
23.10692
22.40982
23.48532
22.48192
23.22742
22.64872
20.88052
19.91512
21.82512
22.02902
23.09332
19.47252
23.22162
21.07372
23.14722
22.30182
22.36052
23.61222
23.44792
22.30602
20.58652
22.25622
22.86362
22.93462
19.47252
23.53562
23.13532
21.73982
21.89692
22.46462
22.18912
22.66442
22.48222
23.09902
22.63662
23.32332
21.07912
23.25732
22.90992
22.33302
20.42342
19.62752
22.06762
23.37152
23.46382
21.45482
22.32982
22.72192
22.41292
23.49522
21.95232
23.19112
22.25902
21.53072
23.28342
23.17042
20.49612
23.37332
22.76582
22.32252
22.59492
22.59822
23.28072
22.58832
20.95752
23.29812
21.71592
23.14162
22.41292
23.27002
23.50612
23.10842
23.19682
22.46122
22.17772
22.46062
22.50942
22.36112
22.68652
22.72542
23.11942
23.50602
23.22592
23.03602
22.74982
23.02772
23.59122
22.74982
22.70182
22.11682
22.20852
23.26672
23.08732
23.59682
22.45112
23.38772
23.37502
22.27212
23.02812
23.39052
22.01792
22.60942
22.78372
22.64822
22.68902
23.59962
23.72222
22.38472
22.77862
23.53492
22.96772
23.11432
23.35302
22.33512
22.84012
22.67272
22.67272
23.59302
21.99782
22.54222
23.77092
22.56682
23.14442
23.30152
23.58802
23.41162
23.07852
22.84572
22.11952
23.38742
23.71762
23.12482
23.32252
19.44532
22.60712
23.03402
22.98072
22.79162
16.65502
22.51402
22.39422
23.33302
23.52102
22.74022
23.40142
20.81062
22.35272
22.80222
23.25622
23.25212
22.21932
23.76652
23.20242
23.71022
21.18572
23.40622
22.83202
23.02172
23.60562
23.00632
22.34162
22.33732
22.94022
23.28572
23.54912
23.13162
22.23862
23.56932
22.91102
23.41682
23.23062
23.02162
21.73112
22.57652
20.86282
22.99222
22.21342
23.12572
20.67692
23.09632
22.61602
23.53802
23.53292
23.95102
22.44002
22.38012
23.08412
23.58372
20.12732
22.65532
22.17692
22.28132
23.16502
22.30872
23.45212
23.55042
22.80392
22.70472
23.95102
23.43732
22.44522
21.72182
22.33702
23.63372
19.67262
23.02162
22.82502
23.05382
21.02112
22.69182
23.25142
22.66792
23.09732
23.74882
19.74282
22.15862
23.45272
19.70102
22.13742
24.40992
22.50622
22.76452
22.85412
23.74402
22.95432
23.39592
22.30842
22.88362
23.67132
22.93602
23.59482
23.84522
22.96172
22.27912
22.40022
20.69922
22.84442
22.84442
22.96802
22.22522
23.29722
23.53582
23.81992
22.94072
22.99462
23.08392
23.44762
22.47622
23.04702
22.30402
19.30902
23.00352
22.59962
23.31192
23.16362
22.56602
21.74032
23.57052
21.82282
23.33282
22.96482
20.69922
23.80472
20.77532
23.25952
23.63092
23.12232
22.27682
19.36182
22.63392
22.68982
22.89062
22.45072
23.17752
23.01632
23.36402
23.07082
21.92302
23.91202
23.38352
21.92272
23.47982
22.59612
22.76712
23.49702
23.65902
23.05432
22.19242
22.36092
23.20212
20.81952
16.29242
23.89282
23.72472
22.63392
19.52052
22.71662
23.43272
22.82162
23.05962
22.92162
19.76232
22.88102
23.06962
22.54552
22.91712
22.94012
23.39002
22.56062
19.74802
16.70862
18.69312
23.13822
23.00872
23.73082
23.20912
22.65002
22.81782
23.62162
22.84872
22.34682
23.43652
22.02752
23.59482
22.57682
22.40672
22.85272
22.99082
21.89632
22.85272
23.15642
22.43022
23.40202
22.76442
23.60912
22.33992
22.05952
23.25682
22.54552
22.79262
20.18692
23.82442
21.60362
23.14402
23.25472
23.35082
23.38802
23.43552
22.41322
22.72252
23.78022
20.59572
23.25852
23.93442
22.14232
22.74272
23.31622
23.00382
22.46852
22.80362
23.12412
22.97282
23.60142
23.39642
23.01842
22.79432
21.16342
22.27372
23.70392
23.67152
23.02302
23.54502
22.81832
20.47792
23.71162
22.96242
23.57392
23.07832
23.39552
22.92512
23.37902
23.56192
23.20992
22.06632
19.26132
22.06632
19.68302
22.39612
22.99532
22.47182
19.63042
23.24462
23.39642
23.46802
21.45692
22.93282
23.08962
22.42602
18.86822
23.10432
23.79662
23.01322
23.39332
23.44112
22.24522
23.53712
22.71032
23.98402
22.36202
23.69202
23.10692
23.13422
22.79002
23.26002
23.68162
23.01872
22.76042
23.30332
23.42212
22.60322
22.33912
22.29312
21.18712
20.54492
22.61632
23.03482
19.65332
21.44072
23.18872
23.60782
23.40882
22.61502
17.95072
21.85762
22.62062
22.96482
19.28902
24.01682
22.43352
22.10152
23.23982
23.49562
23.37092
23.07122
23.50632
23.55372
21.34382
22.25282
21.87352
19.63872
23.02752
23.69142
22.32352
22.96592
22.82612
22.76672
21.19712
23.00862
23.93562
23.23042
23.39692
23.32162
23.47992
22.29882
22.83322
22.64912
23.56472
22.39132
22.35162
23.96942
19.30252
22.76762
22.81592
23.57352
22.37942
22.67982
19.68732
22.51932
22.43862
22.88622
23.23052
22.88832
22.51932
20.45752
23.37112
22.82042
21.77522
21.67532
23.15872
22.65762
20.87152
20.21192
18.46702
23.28302
21.61532
23.94332
23.03222
22.43812
23.50172
20.44042
21.39272
23.29262
22.70972
21.76472
23.09662
22.60912
23.00822
23.03152
21.99982
23.02892
23.42352
24.00492
23.21002
22.82542
24.03682
22.33582
22.64102
22.41212
23.22802
23.00762
22.56022
22.50712
23.10782
22.16652
23.34392
23.16602
22.58032
23.46762
23.75802
22.43602
22.75172
23.20952
23.08002
23.17872
22.51282
19.68392
23.19982
23.07962
22.81612
23.69782
23.26062
23.74582
22.34602
23.58512
23.60002
24.08812
22.79092
22.78022
22.98412
22.31772
22.69942
23.13362
23.64652
23.26432
23.14482
22.66722
21.20442
21.89892
20.56282
21.76472
23.12982
22.50942
23.34502
22.93282
22.93282
19.51692
23.01102
23.55862
22.35132
22.69652
23.21312
22.95882
20.20342
22.74242
19.69722
22.36212
23.12042
22.84592
23.67082
19.95322
22.46162
22.65422
22.18042
22.43852
22.44002
21.68852
23.25372
23.65612
22.69232
18.92732
22.32112
22.79802
21.68852
23.11422
22.89302
23.09282
22.98312
22.72882
20.95602
23.39142
23.23822
22.71762
21.84702
23.62322
23.43052
22.34632
22.69232
22.80462
22.45262
23.30312
21.15272
23.51762
22.36832
23.01172
22.82362
23.09262
22.23482
23.35512
17.68092
21.89162
23.25462
22.57412
23.03732
23.40062
21.54212
23.39252
22.61372
19.33352
23.31702
23.47622
21.12492
22.37402
23.11482
23.00002
21.97702
24.04942
23.42992
22.97372
22.31852
23.33472
22.09472
22.43062
23.28162
21.79952
22.46422
16.11542
19.66272
17.45422
21.59502
20.51162
22.50342
23.46272
22.83012
22.31992
23.32062
22.39372
21.89932
22.79232
22.88932
22.82932
22.42012
22.58572
23.01692
22.96192
22.32622
21.54752
23.26022
23.39632
23.29052
20.90802
22.96172
20.71482
23.25532
19.64672
21.37612
23.25822
23.15482
19.64952
22.83432
23.17522
21.80532
23.24482
23.39182
23.19842
22.55182
22.77012
22.88902
22.24142
22.78292
23.13462
22.63412
22.47882
22.73832
23.42352
22.12542
22.07572
23.10792
22.74432
22.47672
23.34462
23.39312
22.23402
23.57212
22.60782
20.65912
22.43432
21.98482
22.74382
23.53722
22.49962
23.53302
22.63902
19.87072
22.61912
23.46012
22.48612
18.24072
22.21112
22.33772
21.19022
21.57952
22.21942
22.64402
22.44292
23.60112
22.89972
22.84942
21.98482
22.57342
22.55032
23.17802
22.99062
22.45992
23.37582
22.69952
23.06892
23.23712
22.43782
22.08222
22.39332
23.42902
22.83332
19.44082
22.35512
20.90432
23.35072
21.83472
22.59482
22.91402
23.29922
23.86562
22.40162
22.71712
23.76662
22.29762
22.71672
23.12002
19.63652
19.66542
23.05752
23.21352
23.38102
23.51362
20.16572
22.96902
21.88582
22.76202
23.04172
21.34822
22.46452
21.58912
23.60242
23.15632
22.74482
23.47782
22.71402
22.95522
22.47572
22.32232
22.07792
23.44102
22.78542
22.64692
23.23782
22.47502
23.11652
19.64762
23.29962
22.42432
22.89622
22.46692
22.91592
23.38392
23.60562
23.16242
23.42712
22.49312
18.76152
23.55222
23.60922
22.86302
22.02832
21.64722
23.38002
22.17512
23.72732
23.89042
21.59132
22.85592
21.71832
21.18532
22.64482
23.65202
22.15402
19.53062
23.29962
22.98292
22.95242
23.63672
23.30862
19.96192
19.69492
22.83762
23.30972
23.23782
21.83592
22.97612
22.63672
22.71282
22.68292
22.91882
19.57792
21.43102
20.88462
22.34352
22.16232
19.51032
22.91882
21.70892
22.56962
23.79512
22.39282
19.68912
20.53442
20.41512
22.92442
22.74222
22.82882
23.21512
22.98532
19.69982
22.22772
22.78752
22.87632
22.59092
22.71282
21.82642
19.25862
23.48872
22.20132
22.96612
23.19662
22.32972
19.72572
20.15792
21.80772
22.30342
22.31022
23.48112
22.37382
20.95362
22.83362
23.62942
23.07672
22.39532
19.64842
21.93352
22.84562
22.70052
23.52112
19.71752
22.13332
23.34292
23.70772
20.91142
22.72692
23.48392
21.58912
23.26392
23.35652
22.80842
22.49962
22.30522
17.44722
22.14072
23.25952
22.49962
22.12142
17.47702
23.67372
23.46992
23.32952
23.62942
23.10122
23.54752
22.66442
22.54562
23.13712
22.72682
22.58042
22.64962
23.13032
21.76952
23.44532
23.72012
22.38692
22.55812
19.48402
23.11682
20.81862
21.23422
23.91402
22.71462
22.05592
23.50362
20.76572
23.11682
19.01282
23.67442
23.34762
19.69982
23.82652
23.00662
18.67592
23.67442
22.91502
23.18452
22.67742
22.65052
24.01192
23.33782
23.60642
23.02012
22.44152
21.79962
23.12852
20.82992
23.39032
22.72292
23.27802
22.46632
23.18402
22.83982
23.45712
23.20932
21.82432
23.02162
23.25882
18.80072
23.65892
23.37692
23.59082
20.24432
21.97762
23.65032
23.03832
22.48232
23.55132
22.87352
23.50262
22.61912
22.85892
22.79812
22.66682
23.68922
22.61912
23.46992
23.26702
23.35272
22.75082
22.00552
22.99142
22.96102
22.32442
22.81582
23.27252
22.45762
19.65282
23.01432
22.70282
23.14932
22.34342
21.65832
22.90742
22.17612
23.03542
23.17202
22.34132
22.56272
22.38702
23.23562
22.87262
21.82432
23.15532
22.86962
22.12152
23.65442
21.57492
22.92452
22.91002
22.61862
20.76832
22.96292
20.80212
21.81072
21.25882
22.60152
22.00602
22.19632
23.18452
22.38702
22.27512
23.34652
21.95622
23.20642
22.44382
22.44382
20.68662
22.79552
22.57612
22.88022
23.48502
23.64012
22.97772
21.07502
19.43392
22.47362
20.35242
19.14432
22.38782
23.19902
22.25142
23.06692
