19.55055
22.32415
22.28555
22.49055
20.97985
22.93465
22.62295
21.70065
22.99865
19.72755
21.96255
22.28305
22.57595
22.89755
21.52105
22.84985
19.74455
22.92435
21.37045
22.87005
22.64015
21.77395
22.77595
22.17325
22.04565
22.39255
20.85545
21.99585
20.82135
20.10885
22.50725
20.09615
18.42195
22.56665
18.84385
22.23515
18.57675
23.02155
21.15615
23.22125
22.59425
22.04815
22.64815
22.97685
21.88045
22.18705
21.90845
22.29795
21.85155
22.70115
23.05955
19.26075
22.59015
22.26975
22.30145
22.87715
22.66095
18.93485
22.24225
22.29095
21.28615
21.44995
21.10675
22.28595
21.54365
22.33075
22.03205
18.96635
21.90085
22.92245
22.28335
22.10225
21.29085
22.45805
22.55185
22.09015
22.49385
20.31155
22.95375
21.24995
22.47425
21.62955
20.10705
22.52125
20.19635
23.12395
23.14465
22.90765
22.57445
22.45225
21.44375
22.81055
23.03585
16.85495
21.75715
21.93875
22.44965
22.68765
21.52125
20.52355
22.82835
23.03735
23.14145
19.05585
19.74715
22.44605
20.17435
22.36315
22.48465
21.26195
23.09105
21.35745
22.02535
22.28135
22.29065
22.75145
22.61505
20.50225
23.00835
21.57185
22.89495
22.43065
22.88505
20.85255
22.92645
20.81065
22.37795
22.72725
22.79575
22.74465
22.44085
16.43775
22.41485
21.95025
22.34425
22.28945
21.71225
22.08335
22.50635
21.83135
22.28215
21.37655
17.35995
22.00005
22.46665
22.46915
22.55785
20.34985
22.64935
18.95185
15.47915
22.74745
21.47115
22.55655
22.55175
23.27755
21.76045
21.90085
23.08225
22.57035
23.08445
21.94645
22.48435
21.65925
22.07955
21.53675
21.58405
22.42275
22.03575
22.83095
20.60505
22.51035
22.84195
23.20175
22.29205
22.33185
18.88375
17.94325
21.45025
21.03415
21.52455
22.02795
23.13855
22.65985
21.39455
22.59865
22.12475
21.83635
22.94525
19.46705
22.40355
21.03645
21.78435
20.48675
22.05035
22.82695
20.25425
22.41625
22.13855
22.45225
19.89755
22.20605
21.49705
19.77525
22.87615
22.37015
22.25235
21.62255
18.91165
21.53795
21.99005
22.64265
18.87155
22.12755
22.13475
22.28585
22.18535
22.36465
23.11005
22.92845
19.04005
22.28375
22.00105
21.48035
21.68205
21.62945
23.10035
22.38325
22.95515
20.02915
22.73365
21.74485
22.41665
18.92695
21.33845
22.42625
21.76175
22.14555
22.39905
21.68165
22.73885
22.62445
22.20145
17.24345
22.52505
21.95265
23.09835
18.92935
18.53915
18.82215
22.75745
22.52135
21.75605
21.47685
22.73925
20.92805
22.42675
22.85705
22.44065
22.03555
21.69515
22.09295
18.83135
18.90175
22.77155
22.63845
22.80645
22.00805
22.22045
22.52685
21.94875
21.07595
21.65985
22.80395
21.93945
15.34065
21.38175
22.15425
22.12875
21.60745
22.57585
22.08435
21.95355
22.59735
22.74515
22.58255
21.99335
20.07685
21.25615
21.80425
21.77965
22.19915
22.91465
23.10655
22.62245
22.94725
21.40765
22.73255
22.10685
22.70605
22.69855
22.66715
22.05225
22.31705
21.90495
22.88285
22.71285
22.86015
21.41285
22.23055
22.66905
22.94925
21.81405
22.80715
19.48525
21.76615
23.02835
22.42775
21.57135
22.18845
22.37195
22.42735
22.97465
22.69995
22.27245
22.90465
21.97395
22.58525
23.13945
17.96055
22.96415
21.57115
21.47685
22.58835
22.75775
22.98125
20.90655
20.91145
21.25865
21.55405
21.41635
22.21075
22.73025
22.04775
22.51725
22.22565
23.14085
17.77775
22.35405
22.14755
22.61565
19.28525
22.17725
22.46365
22.82915
22.99065
21.94815
22.64815
22.13355
22.58035
22.93045
21.87285
22.92725
22.57665
22.00865
21.97875
21.83145
22.56565
22.55215
22.70895
22.69165
20.13445
21.71825
22.36215
22.63675
22.70745
22.49205
21.68275
22.01775
22.36685
22.20785
22.58995
21.72925
23.14745
20.96325
21.76415
22.07125
22.24675
22.65255
22.28225
21.99605
21.61505
23.28815
22.21445
22.57745
23.23865
22.13275
22.11585
22.36625
22.80565
21.09895
22.33105
22.30525
22.05595
22.88495
21.52745
23.02965
21.74105
21.39925
22.58745
22.56895
23.23745
16.57135
21.02245
22.14945
22.06855
22.95925
20.39815
23.27125
22.66665
19.40085
22.62335
22.55865
22.48255
18.94075
20.32445
21.94775
22.97255
22.39035
21.79675
22.30305
21.27915
22.51755
22.68975
18.25995
21.56055
22.54705
22.24925
22.79085
21.29235
20.29885
22.90035
23.15385
21.83515
22.26085
20.97555
22.10585
19.92275
20.15875
20.59305
21.74275
21.65925
21.47495
21.45115
21.32785
21.86015
21.20175
22.17155
18.63955
22.55115
22.74055
19.13525
22.86885
22.75265
21.79335
22.65525
22.05325
22.37965
22.29085
22.07885
22.42635
22.91255
22.58465
22.29835
22.49355
21.82765
22.72905
22.47825
22.16185
21.68795
22.54225
22.77725
20.05445
22.57345
21.78885
21.99645
22.29875
20.51335
22.21935
22.67165
22.55945
22.74135
21.90285
22.65655
23.07365
21.75585
22.05995
21.84985
21.98055
22.48615
21.28765
22.30295
22.65255
22.81895
22.16665
22.42165
21.97205
22.23735
22.93735
22.63515
20.94475
21.79215
18.54165
21.32485
22.51985
22.61675
22.50685
21.26095
18.87935
22.33075
21.73745
21.88715
22.64715
21.91755
22.32175
19.75775
22.11485
22.34545
22.20155
22.00085
21.78755
22.46255
21.74515
21.95955
22.73945
23.13395
21.79475
22.49225
22.23705
21.61305
21.12795
22.58495
20.88095
22.56095
22.38835
21.50405
21.49275
20.52625
22.64175
22.01725
22.15685
22.87825
22.82375
23.04985
21.69935
22.23705
22.23015
22.11035
22.87595
18.74095
22.35535
22.39485
18.74485
20.36025
22.94515
22.70945
21.98525
22.49505
22.73005
22.60855
22.85705
23.05545
18.31285
21.59475
22.76425
22.41345
22.89335
22.74955
22.21865
22.60715
22.86005
18.86825
21.10805
23.20175
21.65635
22.78055
22.51205
21.90595
22.31775
22.80735
18.09685
21.29365
22.41775
21.41735
22.91725
22.98155
18.48235
20.25445
19.26725
19.15625
22.60435
22.73385
22.84685
22.86275
20.61515
19.67595
22.05755
22.70085
17.34785
21.35685
21.63835
22.16255
22.94275
19.05155
17.43595
22.14485
22.62655
22.47615
22.98255
22.15935
22.10535
22.63135
22.94715
21.74405
18.25885
22.35555
22.45825
22.35655
22.78405
18.83555
22.21515
21.98775
21.99105
22.80785
21.74635
22.36035
19.68935
22.60435
20.74165
21.15355
22.54435
22.32725
22.69785
23.02215
21.73145
21.79025
18.94095
22.45975
22.18695
22.78595
22.86345
21.81355
22.66005
22.15045
22.58905
19.43265
22.27875
20.79175
22.35925
22.85055
21.37385
21.40245
21.09275
21.46335
22.70435
21.66485
21.84925
22.94075
22.14655
22.71725
22.75145
22.85635
22.87025
18.84565
18.92765
22.31525
21.97875
21.57385
21.38515
22.34755
21.85935
22.94665
22.47035
22.17305
22.32005
22.27885
23.21745
20.99545
19.64385
21.67785
22.10625
21.75345
22.78995
22.74265
21.07335
18.99245
22.23315
21.56235
22.88565
21.30075
22.37975
21.09905
22.54145
21.11665
21.53325
22.13375
22.57875
22.97355
22.25835
21.77065
18.86525
21.13205
21.99515
20.36495
23.00885
22.44665
22.72415
19.37965
17.13545
16.42765
21.90285
21.83845
22.58675
22.77315
22.61085
18.76525
22.25085
22.11365
22.21375
22.36685
21.68585
22.83615
22.86645
18.61515
20.59245
22.81505
21.79535
17.29815
22.63065
22.10125
22.79575
23.11745
22.66895
19.04055
20.99325
22.04005
22.38275
22.97655
20.10825
21.50525
22.13025
22.35185
20.56715
20.25765
21.45215
23.12845
17.77475
16.92635
22.67835
20.53575
21.50515
22.30345
21.80865
22.92225
21.70915
20.54955
21.17745
22.95555
21.66595
22.43915
23.11725
21.98545
19.24575
22.78565
21.78455
16.54425
18.87095
22.30025
19.37595
21.97315
23.07285
19.15265
21.72735
21.48005
21.96745
22.75445
22.55315
22.34585
22.29045
23.10445
22.11485
19.87855
21.84875
22.12705
22.29955
17.20175
21.29735
18.89385
21.82825
22.50435
23.34145
22.91055
20.12285
18.89485
22.19385
22.43015
18.47475
17.31905
22.47435
22.50485
18.85025
22.61505
18.87245
15.75625
18.90825
19.28885
15.71045
16.94305
18.37855
19.75645
18.94845
18.95635
21.96175
18.98095
17.41815
18.79115
19.20085
19.40055
18.05625
18.98205
19.67685
18.96385
18.41675
17.57225
18.99005
19.70875
21.04885
20.75265
20.34365
21.64495
18.95855
20.41135
21.13755
18.77265
20.90155
18.45905
22.65895
17.12445
21.65565
20.57885
20.52205
18.87335
20.72805
15.80945
18.81105
21.89255
21.88405
19.93065
21.33485
21.21095
19.93555
21.46405
22.07025
21.35565
22.48945
21.87515
19.67025
21.96135
20.84585
22.02575
22.13455
22.36835
18.95405
20.46765
18.09565
21.56755
18.88905
22.04335
22.09485
16.30275
21.66855
21.73215
21.69985
20.09175
20.30975
21.29825
21.72235
22.60895
17.77145
18.88695
21.03715
19.24145
19.01665
21.95975
21.60005
22.14355
22.80695
17.51375
21.58875
21.81915
22.49835
18.77875
22.03585
22.69375
21.22945
21.30465
22.69315
22.88525
22.74225
18.88475
21.60975
20.43835
22.58905
22.67895
19.31115
21.35855
21.89725
22.35175
22.25955
22.41175
18.80875
21.49815
22.01325
21.30975
22.73665
21.21185
21.94725
22.99895
16.37485
18.97155
22.64065
22.26445
22.41375
21.63525
21.59085
21.99905
22.64165
19.56275
21.69085
22.58875
22.75925
19.38085
20.47505
22.32235
16.66095
18.88095
18.87255
15.51415
18.44055
19.84115
17.43675
21.84425
18.80285
22.96015
22.60105
22.65915
22.53055
22.42605
22.15815
22.52155
20.39075
22.75515
22.97625
22.64195
20.08565
22.00245
22.55885
22.85875
22.38135
22.61265
22.77925
22.87675
22.62025
21.80625
22.36725
21.02255
20.76745
21.91185
21.51015
22.18565
21.23465
22.04295
21.67445
21.43105
19.95825
19.23855
20.51265
21.81535
22.52745
23.07925
22.13495
22.23605
22.67215
22.46275
23.45735
23.41445
22.39875
22.32395
22.46435
22.52715
21.97165
20.91685
16.97065
22.29495
22.40515
21.79825
18.91595
21.13155
19.34845
22.70285
21.88265
22.88205
21.12475
17.60385
21.83215
20.75135
21.08945
22.89485
18.50435
23.13395
22.50595
18.90555
22.38235
22.34655
18.01055
22.28075
20.67405
21.40065
22.65415
21.56175
20.73945
23.06135
22.19285
18.40215
22.74095
21.62675
22.24925
21.97335
22.60015
22.18615
22.13245
22.38855
20.69105
22.27425
22.16835
22.24635
22.38295
22.53875
22.28955
22.60875
22.25305
17.74085
20.54935
21.55265
23.08465
23.19825
21.75855
21.86665
23.01865
21.58255
21.42525
21.73795
19.12585
21.47085
22.19875
22.64145
22.72165
22.81815
22.96205
21.55385
21.74175
22.14385
21.87475
22.35595
22.20005
21.72775
22.50935
21.56745
21.53265
23.12665
22.34305
22.17415
18.69875
21.76765
22.08355
22.15365
21.44985
22.64975
22.62765
21.49805
21.03355
21.70885
23.25225
21.64525
22.77895
22.91365
22.31095
23.15355
22.59145
22.59265
21.83715
23.15825
22.96705
21.99185
23.25225
22.63405
22.50185
22.86205
21.64265
21.51385
22.47385
20.83115
19.17735
20.88795
22.37475
21.37245
21.31675
20.85165
23.07125
22.81505
22.27405
22.59205
22.40025
22.15625
22.67325
22.99305
22.95585
23.14105
21.84625
23.00445
21.79745
22.56235
22.50865
22.59705
22.71125
22.36085
21.87575
22.73655
21.14645
23.06815
21.48685
22.64245
22.37565
18.62705
22.62865
21.89545
22.47805
22.31805
21.55325
18.50635
21.67405
20.09105
18.92875
21.40675
22.25025
22.41995
22.72645
18.94365
20.57885
22.38445
22.42105
20.33645
20.45695
18.92065
22.27095
22.22325
19.31645
22.70445
22.41025
21.69765
22.82525
21.34465
21.50025
21.72895
21.07065
18.75045
22.04765
21.23565
22.13855
21.93155
21.63305
20.57265
21.16525
21.22195
20.60605
20.29865
21.60585
18.78905
22.67435
21.66215
21.82995
22.99855
22.34495
22.31475
22.49465
22.42415
21.75445
20.83785
22.03065
22.86325
20.45315
20.26465
21.98665
22.72865
22.26995
21.70015
21.03595
20.25025
22.79935
22.11815
22.61395
22.90145
22.21915
21.82715
22.57935
21.97385
19.56865
22.09995
18.09755
21.75445
19.27565
18.85885
18.66415
18.86355
18.73685
18.44695
18.80485
22.93245
22.47015
21.83625
22.58405
22.74465
20.84675
18.86205
19.93585
22.37325
21.55705
22.91365
22.34945
22.17765
22.08475
21.92415
18.98215
21.72585
18.71795
22.06165
21.56095
21.70195
23.05865
22.27255
20.07405
21.16365
18.81135
18.83845
22.96395
22.31285
22.20405
22.28305
22.33105
22.97625
22.84075
22.09905
22.26065
22.71205
22.69305
18.86875
22.83045
21.49375
21.95615
22.21105
21.90135
22.30275
19.07775
22.16815
22.00375
21.76405
21.87715
23.17055
22.45095
22.81075
21.92595
22.33535
21.39635
22.66285
22.76515
21.98025
21.54285
19.60815
19.05175
18.86595
20.80225
20.67945
17.56295
18.62585
22.33435
22.17915
22.61615
22.82905
21.75855
17.97995
21.49965
22.87255
22.84545
18.56145
22.21085
22.62755
21.81685
21.49955
21.45875
21.37075
22.12825
21.46745
20.99635
18.80655
21.96035
20.39965
20.98405
21.01855
20.90495
18.93425
23.10745
22.23305
21.94005
21.94005
21.89505
22.84435
22.72215
21.34835
22.99145
18.65925
20.37075
20.87645
22.41335
18.72085
22.65135
22.61015
20.98055
20.20035
17.33485
19.87215
21.98585
18.88265
21.17065
22.60455
21.15725
19.64545
22.52325
18.82945
22.05625
22.63245
22.58555
20.15205
21.46285
22.50475
19.30905
22.21145
21.39555
22.92005
18.77075
22.36195
21.62365
22.15995
18.55205
22.27825
21.18475
22.12865
22.29465
21.20965
22.91295
21.84705
22.07935
22.63035
19.84315
21.24495
18.92215
21.92175
23.30615
22.24995
21.36165
23.28905
23.23975
21.98535
21.09165
18.82275
22.67205
22.39785
21.83545
22.11885
21.50855
22.70035
21.86705
21.25375
21.39545
21.87935
20.65055
22.34585
21.94495
20.27105
21.13065
22.77515
22.47465
22.77415
21.10095
22.59875
22.13495
22.31105
22.84925
21.52145
22.35825
21.80015
15.88635
21.33165
22.19415
21.44715
21.47895
18.97935
21.37505
20.61855
22.78995
21.87085
22.95295
22.92675
18.93565
22.05995
20.54445
23.07175
22.52755
21.51195
22.36395
22.39015
22.26465
21.89005
22.23515
22.38085
22.23945
21.56995
22.25665
22.43235
22.10845
22.19515
20.29125
20.03515
18.55465
19.76975
22.26605
22.63325
18.55715
20.87105
18.17185
19.37715
19.57565
19.56915
16.89465
20.84685
21.19015
20.82715
23.26295
22.61795
22.71245
22.25465
21.48005
22.34135
22.33045
22.67005
22.96075
20.74105
22.42625
22.25005
21.83015
19.74865
22.55005
22.01975
22.64055
21.57235
22.29845
21.17685
22.06405
22.47715
22.35105
20.79265
22.03705
21.79385
22.97975
15.09315
20.19345
20.54075
21.43235
22.32075
22.42475
22.80305
22.11715
22.82365
21.74815
21.73965
22.75995
18.91995
21.61575
22.17565
23.07025
21.96685
22.91915
21.77695
22.97935
19.80455
19.70575
22.49225
21.95505
22.57805
22.81065
22.31095
21.78545
22.54655
21.90815
22.57145
21.98875
21.36645
21.96705
21.98825
21.27545
22.36775
21.91905
22.20885
21.79805
22.49015
22.87235
17.39205
20.07145
18.37665
18.61645
18.38475
21.93345
21.90735
21.06765
21.91765
21.82865
22.94705
22.86625
21.76905
23.03365
21.59745
22.81055
21.19665
20.69325
20.81795
22.43165
22.94835
22.43795
22.36455
16.89235
17.66445
18.39925
17.15365
20.37245
15.38155
18.06495
17.35555
16.09425
16.45045
15.69135
22.74355
22.74315
23.05215
22.90735
22.87525
21.92855
22.43735
20.30465
21.37925
21.48525
21.85165
21.34995
22.73645
22.49675
22.08115
21.72375
23.03555
21.72735
18.29495
21.51205
21.48805
21.15665
22.16645
18.85345
22.48655
21.90475
20.89215
22.19885
22.35895
21.59575
22.21585
21.79015
23.33405
19.30415
22.01125
21.47315
21.00335
22.76065
22.27365
22.33545
23.23315
22.14955
22.54985
21.76035
23.26845
22.38385
18.84525
21.19265
22.39215
21.78225
21.95685
18.74455
21.86775
21.86295
22.70195
21.73975
22.90495
22.28225
20.97165
21.64645
22.37775
22.24385
21.77745
22.73785
22.44145
18.91295
21.00475
22.61305
22.72405
20.76885
20.29505
22.57455
21.15595
21.99555
22.53005
22.69905
21.48005
22.11585
21.58445
21.03405
21.10385
21.99795
21.87895
22.61395
21.91015
22.36335
22.58805
22.06995
22.10735
21.97355
22.73695
21.66675
22.92375
21.93515
21.77955
20.72155
22.09525
19.27215
22.19385
22.50115
17.93525
22.54875
21.37575
21.48735
21.92835
21.60755
22.29395
23.18735
21.61095
21.93385
21.78065
21.66935
22.72835
22.43425
20.85495
18.93235
21.57125
22.59715
15.01545
21.72695
22.36525
21.79175
22.58165
22.65185
22.40755
21.29005
21.73235
22.56405
22.01995
22.83645
21.88705
21.20135
21.93205
21.59825
22.02175
22.76855
22.68585
21.80125
17.51045
21.02305
22.90035
22.34925
22.48055
22.27575
22.56905
22.09735
22.47425
21.20975
21.79385
22.54325
22.53785
22.69685
22.00415
21.52605
22.16945
22.33355
22.71015
22.25815
21.52625
22.98045
21.46955
21.78015
21.51905
21.76165
18.91925
18.87375
18.76385
18.76995
21.86835
22.59585
21.78535
21.30165
19.93225
21.89915
22.76015
21.12205
22.23845
22.26285
22.03715
22.30685
21.88905
21.87855
22.63945
22.45415
18.93065
22.04235
22.91605
22.18155
22.47605
21.84335
22.34685
22.53895
16.50675
22.64225
18.66105
22.63615
23.02015
21.66855
22.12655
18.96255
20.71745
21.87525
21.63675
21.10645
22.52135
22.06015
18.95785
22.29575
21.76465
22.07625
22.51735
21.66235
22.10565
21.50445
22.04465
19.25825
21.52075
21.53045
21.99495
21.34085
22.49685
21.05865
20.27255
22.22165
22.37235
17.22555
21.78685
22.89915
22.26275
22.48995
19.17835
22.99545
21.93355
21.98005
22.34675
22.71595
21.32515
21.87805
21.77485
22.15415
22.55535
21.79105
21.62545
22.47755
20.56105
21.28395
20.96285
21.67595
21.99885
22.09995
22.40135
21.57185
21.11695
21.77495
22.07465
21.29325
20.40685
22.45695
21.39385
22.37335
22.59115
21.92535
22.16535
18.90575
22.16765
19.77035
20.01055
18.90795
22.33615
21.27275
21.10125
17.60085
19.16135
23.00385
21.94495
23.08785
21.86155
21.15105
20.88535
22.51755
23.12115
22.16295
22.36985
20.97715
21.50085
22.43995
19.88705
18.99955
21.94885
18.86535
18.64665
21.10515
22.09535
20.38935
19.61595
21.79705
18.94605
19.85085
22.09625
21.76045
22.23455
20.79425
21.80315
20.53205
20.33995
22.09895
21.94695
21.32995
21.94345
22.17255
21.57555
22.74855
21.47325
22.58645
22.72945
22.04675
22.21135
22.04345
19.38995
22.12715
23.07995
21.94955
22.90285
21.11765
21.34255
20.83865
18.88115
19.70075
22.61545
21.82345
22.62455
21.09935
22.10375
21.95935
19.46195
22.30315
22.44245
18.34765
18.36195
22.70765
22.24975
22.03195
21.70175
18.89175
18.91975
21.10015
22.90265
22.33675
22.34995
21.75435
21.60195
22.61465
23.02685
20.89765
17.24945
22.46425
22.15495
21.73865
22.44935
22.26505
19.60055
22.82055
22.52875
22.30605
23.50285
22.36415
21.95915
22.33495
21.60055
19.04575
21.24425
23.22075
22.27285
21.89125
22.51875
21.95505
21.86485
22.54035
22.88505
22.48755
22.19075
22.24525
22.99235
21.54915
22.09495
21.65175
19.10575
22.28175
20.93065
21.38495
18.42265
18.57295
18.15515
22.58175
22.04715
22.54705
20.78875
22.47135
22.60965
21.94555
21.61535
21.13285
19.43305
22.08225
22.40125
22.37165
19.23005
21.66605
21.58455
21.87255
20.11635
21.68885
19.44245
19.08375
18.33255
17.38015
20.45535
18.95285
19.50855
22.00525
22.49145
21.38985
21.19385
21.63395
21.57845
21.57305
18.54675
17.78185
22.30345
19.53705
21.81235
22.00495
22.17025
21.67675
21.94685
21.95695
22.16755
21.03855
20.71545
20.27855
21.83005
21.30435
22.14435
22.41305
22.99345
22.59345
22.56065
21.69245
21.45895
18.96255
21.60405
22.62625
22.31195
22.33125
20.20705
22.30315
22.76165
22.77195
21.52905
21.64945
22.84815
21.58135
20.39565
21.98195
21.48935
21.92205
21.34895
21.89065
22.17435
19.21505
20.33885
18.15185
21.39005
21.18005
20.80685
22.04045
21.80695
18.91985
21.60255
20.50275
22.28145
22.59955
22.49345
22.85655
22.54955
22.13525
20.88955
23.14045
22.34685
20.73755
22.21435
21.85605
19.61795
22.78365
17.58945
21.16595
18.47375
16.25605
17.46555
18.43605
21.25575
22.20615
22.46905
21.56175
18.86115
21.20095
21.99915
22.13205
22.47575
21.95365
18.43795
21.05015
15.97725
21.84875
21.64995
20.88265
22.47595
21.74045
21.98535
22.25665
22.85495
23.00785
22.05355
21.82285
21.78795
22.57175
21.76775
21.82555
22.04055
22.70025
22.88905
19.04255
22.53455
22.76535
22.69545
22.77505
22.87595
22.43715
22.38305
22.05755
21.51055
21.08215
20.50705
20.61425
23.43395
21.82605
21.83355
18.72115
19.84945
18.42255
23.65665
21.66245
21.55815
22.67165
18.80795
21.41345
20.37375
19.67885
20.96625
21.33785
20.18675
17.37145
21.36155
21.16135
22.17185
22.31875
21.64545
23.01905
22.48965
22.94935
21.80725
21.40575
21.92795
19.83205
19.58055
22.21245
23.51115
21.33915
22.54935
22.71405
18.82405
22.93905
21.17085
22.10755
16.01965
22.62635
19.78305
22.97165
19.51135
21.90255
20.78055
21.33045
17.60255
18.81675
20.04925
22.94645
20.88215
22.60415
21.99685
21.87565
21.58265
23.28775
22.59145
22.38785
22.46665
22.61385
18.58125
22.17725
22.56895
22.87005
21.62105
20.00445
15.84435
22.29185
22.93615
22.75655
15.26065
21.85965
22.90165
22.25125
22.45545
22.43055
22.61635
22.87925
22.34525
19.29725
22.36935
21.84875
20.35715
22.39215
20.87675
22.78525
22.42475
21.28135
22.85015
21.66895
21.04805
22.84045
21.42245
21.88435
22.05925
22.11055
22.54505
22.47135
22.39095
22.40365
22.47865
22.49465
22.38145
22.40505
22.49035
21.52325
21.89025
22.82555
22.76325
22.90285
22.07365
22.35835
22.38875
21.32855
22.21755
20.49615
22.16735
22.50325
21.92095
21.71245
22.32825
22.70395
23.10875
22.00435
22.00345
21.80865
22.16145
21.81855
22.01825
22.11135
22.52125
21.91475
22.51735
21.74555
22.92775
22.49805
23.34195
20.36565
22.27725
21.88515
22.13525
21.31035
21.57065
20.77225
19.97525
22.50675
22.47315
22.09955
21.46435
18.77345
17.38375
21.67005
20.67555
21.58065
20.90315
20.07605
21.70645
19.72905
22.50835
22.56505
23.00255
22.32025
22.68825
21.98095
22.40775
22.63755
22.15375
21.41285
22.40385
22.78055
22.38155
22.08835
22.39575
18.70835
22.32335
22.47175
22.12015
23.11235
22.44925
23.34135
17.45255
22.65135
22.23555
22.19755
22.17295
21.58505
21.80265
22.21835
21.49045
22.28845
22.18135
22.89945
22.23245
22.18875
21.95955
22.75185
22.66315
20.90125
22.83935
20.86375
18.99465
21.04925
21.69085
22.59715
22.49215
22.43725
21.85975
21.63835
22.99015
21.65145
22.00265
22.39535
22.35335
20.38395
21.10555
22.77485
22.53905
22.50795
21.40455
22.10585
20.72415
20.14485
21.02475
20.92425
20.76035
20.66575
17.75615
20.27565
20.22425
22.99905
18.69875
21.75815
18.91215
21.35315
18.86345
18.87225
18.76185
18.54005
21.55715
22.13885
21.94685
20.46125
22.57415
22.92935
22.22995
22.57615
22.40795
21.73575
22.03435
21.66695
22.88005
20.61515
22.33055
22.98025
19.67395
21.87735
20.28315
20.97085
20.24125
18.30675
18.67265
20.56095
22.73715
22.37805
22.09555
22.69345
22.61875
20.89725
22.55175
22.74355
21.84425
22.68345
22.32265
15.72565
20.84275
22.59085
21.94365
22.30485
21.08685
21.58255
22.81245
22.52125
22.53515
22.13405
21.05755
22.14345
22.52025
21.53935
22.27855
22.54895
22.44855
22.13175
21.75155
23.19325
21.65925
21.90595
21.40365
22.98515
23.51165
22.49725
18.72835
22.53075
23.04525
21.15785
22.01295
21.24185
20.90845
22.45825
23.07555
22.80725
22.58085
22.63195
22.36545
22.27985
22.75125
21.93155
22.08325
22.46665
21.78025
22.74745
22.30405
21.93635
22.59895
22.54045
21.75675
23.14115
22.28625
21.42815
23.08975
22.52595
22.53045
18.49955
21.39675
21.96765
22.74935
21.05845
22.16035
21.87845
22.63885
22.56045
22.66875
20.93915
22.31095
22.07525
22.68105
19.86725
20.78905
22.23735
21.58735
21.32415
21.81915
20.78775
20.70855
21.92055
22.40475
22.78315
22.76675
22.52645
21.86005
22.03275
19.99615
22.60115
22.32625
22.04745
20.90555
21.69105
21.18005
18.43595
21.51075
18.76115
22.05355
22.67275
21.49585
22.15855
21.85815
20.38045
21.62375
18.81685
20.92905
22.03025
22.73525
22.64945
23.10925
22.80505
15.64295
22.42865
22.12475
19.86695
22.52625
18.74545
22.07175
22.40595
21.51065
18.78355
20.89665
21.23115
22.44555
21.60295
22.49175
22.62565
22.47545
22.88025
22.55285
22.68625
22.79575
21.25185
21.38215
22.12975
18.39445
18.40205
20.97065
21.01785
20.08625
18.64285
18.71025
20.14715
19.47375
23.01195
22.31465
21.60815
22.18965
22.54765
20.99235
20.56745
22.33925
22.22635
22.06215
22.38875
22.14105
22.91115
22.62985
23.03055
22.87095
20.80385
22.46335
22.37955
19.99735
22.73265
22.79325
22.86495
21.59825
20.44595
21.99275
21.86465
20.75285
22.41425
21.89025
21.69845
21.32095
22.55955
23.48115
22.67085
21.99055
18.91565
21.38235
21.76275
22.12665
20.18235
23.38175
20.18805
20.17805
21.67775
22.42105
22.23885
22.11465
21.51005
22.42455
21.45685
21.11475
18.65925
21.87635
21.76435
20.36905
20.65245
22.53155
20.17795
21.48465
22.89145
22.81505
21.01175
22.40855
22.70965
21.92425
22.16875
19.67545
22.53945
21.81395
22.13505
21.60085
22.04165
22.50055
19.15655
22.67925
22.58825
21.23745
22.20255
22.34925
22.41985
22.22885
21.81705
22.59435
22.12215
19.96375
22.37075
22.45375
22.55865
21.83665
22.86605
22.35285
22.06715
21.59945
22.43475
18.90515
21.66675
21.87685
22.95545
21.23505
22.01435
21.33435
21.84685
21.65095
21.48205
22.05405
21.67695
20.73975
22.08925
22.37115
20.07985
22.17665
22.31255
20.20705
18.14115
21.21245
21.68755
22.85085
22.33765
22.04615
21.42025
21.71705
21.70995
21.17315
22.12325
22.03185
21.54805
21.14685
22.55395
22.44005
22.32545
22.24205
22.82915
22.56765
22.17835
22.04595
21.93475
21.96855
22.15195
21.56975
22.93905
22.35785
21.94465
20.66935
18.55135
21.33945
21.89065
22.36775
22.70075
22.68985
22.05485
22.40705
22.31825
22.09255
22.45375
22.05415
22.90395
22.67295
20.67755
21.86295
22.33505
22.62545
22.08835
21.76435
21.69195
21.29965
22.51665
23.05605
18.84975
19.14415
21.19165
22.79855
22.43955
22.35785
22.38545
18.86865
22.71995
22.81755
23.08805
22.99035
22.48345
22.58145
22.76135
22.34415
22.99025
22.50185
22.40525
21.01235
21.88755
22.97215
22.38845
22.28205
21.00285
22.97135
21.64835
18.90595
19.74675
17.56475
19.70525
21.47695
21.27805
21.92285
23.09495
22.27015
21.45295
21.19805
23.28015
22.14165
21.53475
18.73785
20.98855
22.72345
21.79905
20.34345
22.92925
22.38795
23.34895
21.38575
22.07345
22.00285
21.52085
22.77785
22.30405
18.27315
19.44865
22.39875
21.61885
22.22015
21.94065
21.04165
22.72125
22.79975
21.97375
22.26225
22.79385
21.99895
22.31285
21.91565
22.51225
21.67385
22.16575
21.14325
22.11135
22.17855
22.20385
22.36855
20.52925
20.52885
22.79665
23.24665
20.94575
21.77635
22.20605
20.93835
21.80395
21.83975
21.93765
21.46695
21.46415
21.79465
21.95955
22.44285
22.77255
22.69065
21.80145
22.97695
22.01505
22.85205
22.07085
19.94795
18.94315
21.25795
21.94895
22.78965
18.46025
22.66565
20.18165
22.49065
21.55215
21.65635
22.89955
22.52845
21.56535
19.65855
21.77605
22.29235
22.45675
22.56505
22.74955
22.31435
21.18195
20.83995
21.83415
21.53295
21.90695
21.86325
22.69935
22.07385
22.70365
20.21685
22.35985
22.28445
21.76985
19.45305
18.81485
21.22125
22.82385
22.67865
20.66785
21.82225
22.27055
21.94265
22.69115
21.29935
22.35385
21.43955
20.68665
22.74545
22.46205
19.55145
22.50945
22.21325
21.66095
21.96325
21.83975
22.54135
21.99865
20.07895
22.75395
20.87495
22.45345
23.09935
22.75595
22.74155
22.58595
22.27725
21.97315
21.60395
21.78975
22.70675
21.84945
22.04365
22.16375
22.66635
22.78275
22.60135
22.35615
22.07995
22.34915
22.94085
22.67315
22.06975
21.34885
21.64025
22.38725
22.39435
22.97575
21.52405
22.75105
22.75205
22.43635
22.50485
22.77395
20.95375
21.69215
22.25625
22.06825
22.11735
22.74925
23.07355
21.93365
21.91785
22.82925
22.38855
22.09205
22.53135
21.61665
22.26805
22.57935
22.50465
22.80475
21.13045
21.93235
22.86835
22.02355
22.57015
22.65115
22.70445
22.55025
22.44935
22.60565
21.48115
22.76015
23.00565
22.61945
22.72285
18.43865
22.04695
22.34145
22.30415
22.34205
15.00515
21.89855
21.75015
22.62495
22.79435
22.44235
22.86875
19.97165
21.70025
21.60405
22.54065
22.47025
21.21085
22.97505
22.40105
22.89255
20.31145
22.58355
22.18115
22.51105
22.73205
22.73015
21.58535
22.07355
22.44605
22.60475
22.85395
22.52115
21.45895
22.88675
21.85955
22.61465
22.78375
23.47135
21.05975
21.97455
20.02255
22.47225
23.14545
22.47985
19.81005
22.84895
21.93775
22.50975
23.17425
22.57865
22.10755
21.66615
22.63085
22.90675
19.16175
22.05805
21.80465
21.78575
22.62285
21.54475
23.02585
22.67015
22.33115
22.03985
22.66075
22.82675
21.68065
21.07605
21.62085
22.76315
18.87465
22.56625
21.86395
22.47695
20.15625
22.20445
22.53475
22.16525
22.50245
22.62765
18.77785
21.91395
22.74105
18.90475
21.47505
22.71245
21.85995
22.17605
22.11575
23.08485
22.54475
22.60615
21.55265
22.31995
22.80505
22.38575
22.87765
23.20555
22.38185
21.68885
21.70685
22.97355
22.24065
23.15035
22.58135
21.47645
22.53075
23.08025
22.90945
22.59195
22.25995
22.55575
22.55545
21.62535
22.68735
21.74035
18.28035
22.29515
21.76615
22.68625
22.41735
22.05945
20.79275
22.88105
21.00445
22.76385
22.33785
19.66715
23.09725
19.87505
22.87985
22.83035
22.31885
21.59895
20.87085
22.71475
22.13735
22.40275
22.46725
22.60895
22.54335
23.00275
22.39935
22.14145
23.17475
22.74285
21.69405
22.86995
21.97145
22.28165
22.83465
22.93225
22.22695
21.53685
21.78955
22.62395
19.94705
14.99075
23.11805
23.01615
22.02935
18.86405
22.09555
22.74775
22.20335
22.40035
22.15605
18.78545
22.45535
22.04865
21.73285
22.16065
22.33205
22.70205
22.08235
18.77605
15.20475
17.61695
21.96885
22.44805
22.95125
22.56375
22.05145
22.17835
22.97675
22.60045
21.54445
22.94335
21.20185
22.89045
22.13355
21.69535
22.22625
22.30125
21.40725
22.96485
22.33505
21.83415
22.89855
22.19875
22.86365
21.58395
21.29645
22.75135
21.88705
22.34655
19.25655
22.96005
20.77095
22.27355
22.80255
22.72535
22.63925
23.00925
21.79245
22.20285
22.97675
19.71555
22.74895
23.00115
21.31995
22.15665
22.80165
22.19055
21.80195
21.82035
22.55685
22.14465
22.89695
22.61545
22.39415
22.18125
20.04285
21.73055
22.55445
22.67265
22.22085
22.55885
22.06495
19.54655
23.21935
22.41945
22.65655
22.55205
22.89805
22.34435
22.69435
22.62615
22.30795
22.67025
18.26765
21.45745
18.90715
21.66295
22.21325
21.86715
18.91285
22.56235
22.99415
22.74915
20.61935
22.28805
22.69715
21.82385
17.79435
22.03175
23.18645
22.49035
22.57805
22.41895
21.51695
22.88865
21.82595
23.18805
21.69555
22.92595
22.36305
22.70365
21.99165
22.64955
23.11015
22.41655
22.10695
22.95105
22.82815
21.98365
21.69135
21.57915
20.42085
19.62245
22.02705
22.28665
18.86055
20.66545
22.58575
22.86225
22.91385
21.94155
16.85515
21.21355
21.94895
22.27685
18.31005
23.18805
22.02425
21.27855
22.82565
22.81705
22.82685
22.89025
23.04845
22.62465
20.47625
21.68195
21.22645
18.95215
22.42545
22.88105
21.60825
22.53045
22.22695
22.19815
20.33295
22.45915
23.21355
22.43505
22.89335
22.70215
22.90805
21.56705
22.25795
22.33965
22.82715
21.76805
21.80055
23.25805
18.26305
22.09955
22.30255
22.78885
21.67165
22.11785
18.91045
21.88675
21.89825
22.30395
22.56245
22.31505
22.82225
19.55425
22.50405
22.18875
20.87825
20.85425
22.43355
22.11305
19.98375
19.28985
17.42925
22.75685
20.74965
23.27115
22.54755
21.88455
22.98295
19.55985
20.51235
22.81285
22.10865
22.75555
22.50455
21.99115
22.47635
22.57545
21.36075
22.21205
22.96615
22.73765
22.54665
22.25625
23.23025
21.70315
22.08785
21.77735
22.38135
22.71315
22.05585
21.84165
22.65095
21.55415
22.39955
22.46885
21.86405
22.65635
23.12425
21.84605
21.98775
22.59825
22.68745
22.54005
22.09115
18.89015
22.51485
22.52955
22.20605
22.97615
22.62185
22.61685
21.61565
22.93795
22.99465
22.95005
22.19055
22.22185
22.37025
21.58665
21.98785
22.52635
22.89145
22.58915
22.80395
21.94135
20.36425
21.39335
19.65255
20.89695
22.33655
21.80055
22.77725
22.16915
22.57955
18.80185
22.20695
23.08645
21.54795
22.16065
22.36935
22.39355
19.25325
22.34495
18.88435
21.58075
22.68175
22.36385
22.86915
20.42715
21.70445
22.25785
21.47915
21.92285
21.84795
21.29595
22.72275
22.84865
22.40325
17.96205
21.61835
22.54155
22.73975
22.47755
22.30605
22.46895
22.19245
22.15965
20.07365
22.74255
22.54285
22.13485
21.00115
23.08145
22.63695
21.60905
22.11615
22.20535
21.81435
22.65445
20.25365
22.92355
21.82415
22.31015
22.10235
22.53915
21.38785
22.41475
16.49555
21.24875
22.45475
21.98415
22.41465
22.74645
20.66705
22.81315
21.99185
18.19735
22.37235
23.06155
20.36405
21.69455
22.45315
22.53845
21.15125
23.27285
22.94145
22.38475
21.64575
22.85375
21.27205
21.79525
22.49775
21.26655
21.58825
14.59695
18.86205
16.14975
20.59205
19.34915
21.65875
22.92465
22.15755
21.52065
22.59485
21.60945
21.09385
22.32745
22.22015
22.18685
21.71855
22.02505
22.79665
22.28845
21.66405
20.87335
22.60595
22.84185
22.76515
20.01025
22.65955
19.83115
22.38155
18.81325
20.48015
22.49135
22.53305
18.82875
22.21965
22.39105
21.01485
22.46615
22.31385
22.64435
21.92045
22.11855
22.22455
21.94315
22.24025
22.49145
21.90435
21.83055
22.11315
22.57205
21.26785
21.40435
22.50065
22.09285
21.89325
22.89025
22.63335
21.38395
22.80135
22.01085
19.77015
21.78635
22.43685
22.13425
22.83995
21.86795
22.63735
21.89565
18.85975
22.46515
23.16465
21.84895
17.15145
21.47915
21.84935
20.34145
20.75625
21.35055
22.05715
21.95995
22.61995
22.36125
21.98685
21.35645
21.99955
21.95955
22.58455
22.44455
21.78565
22.60615
21.81645
22.43615
22.17215
21.82015
21.47265
21.78895
22.69205
22.25925
18.45735
21.74815
20.00065
22.38645
21.01985
21.84615
22.21525
22.63075
22.96815
21.74485
21.96645
22.86215
21.69095
22.15085
22.55655
18.93225
18.88465
22.44235
22.63905
22.70435
22.84005
19.23735
22.17855
21.04585
22.14225
22.41145
20.49315
21.77345
20.77895
22.51015
22.71965
22.14155
22.46155
22.03625
22.20335
21.97865
21.63815
21.05905
22.67075
22.08785
21.92525
22.56085
22.15755
22.42795
18.92385
22.41195
22.10225
22.31425
21.76775
22.27275
22.57425
22.61535
22.49725
22.63455
21.43245
17.70925
22.65225
23.04385
22.21175
21.35845
21.08705
22.57485
21.27875
23.25115
23.25595
20.72715
22.28955
21.21845
20.40245
22.01965
23.14125
21.61215
18.70835
22.87425
22.27255
21.74975
22.90395
22.41875
18.86695
18.89835
22.14525
22.68915
22.55075
21.49875
22.26655
21.95115
21.80645
22.15865
22.24335
18.78205
20.21575
19.95425
21.67185
21.43015
18.67025
22.88035
21.09125
21.87225
22.74425
21.85565
18.90335
19.61945
19.50695
22.35015
21.64585
22.19565
22.53605
22.34875
18.87545
21.43685
22.22275
22.26655
22.00615
22.70805
21.30095
18.23225
22.86705
21.48025
22.44675
22.57405
21.78345
19.00555
19.24505
20.72085
21.78045
21.40415
22.87915
21.80315
20.12415
22.30275
22.70765
22.75635
21.78615
18.86485
21.16845
22.09375
21.95865
22.92405
18.93155
21.31125
22.62525
22.90105
20.00295
21.96615
22.55995
22.80765
22.51885
22.78525
22.17585
22.13925
21.69105
16.11995
21.62435
22.57985
22.61535
21.39115
16.15355
23.06295
22.81135
22.83735
22.74175
22.44645
22.38025
22.06035
21.84375
22.39105
22.16385
21.63655
22.04005
22.50725
21.00525
22.61375
22.85315
21.75905
21.92455
18.47955
22.65725
19.96545
20.33175
22.97615
22.05735
21.20785
22.86715
19.89705
22.99455
18.07285
23.00235
22.81005
22.52475
22.61795
22.33765
17.64495
22.78025
22.05465
22.38865
21.85235
22.11105
23.37855
22.71165
22.98725
22.50705
22.05055
20.97625
22.40235
20.02905
22.81795
22.05005
22.91445
21.83985
22.36525
22.14085
22.70245
22.76765
21.19425
22.32275
22.44685
17.73275
22.94775
22.86425
22.84225
19.31965
21.36555
22.78205
22.59845
21.90385
22.92025
22.39285
22.57815
22.66435
22.24135
22.07045
22.20955
22.83655
22.22475
22.60705
22.78735
22.71085
22.17735
21.46165
22.40925
22.46435
21.76045
21.95975
22.50075
21.81945
18.61735
22.49395
22.13615
22.42275
21.72025
21.10175
22.47585
21.52185
22.55495
22.51815
21.70445
21.93535
22.90605
22.47825
22.09765
22.68985
22.37135
22.31025
21.50635
22.69715
20.76875
22.49045
22.30615
21.96515
19.87795
22.62985
19.89605
20.92095
20.37565
22.05915
21.54175
21.64955
22.74865
21.72615
21.52725
22.73945
21.22025
22.36345
22.41295
21.89105
19.76925
22.19635
22.00905
22.25465
22.65795
22.91875
22.42405
20.21805
18.43115
21.74135
19.44625
18.15545
21.71885
22.60665
21.63975
22.34265
